"Value","Std. Error","t value","Pr(>|t|)"
6.38945224377778,0.00539424714057021,1184.49379075026,0
0.038893782251271,0.000149391824425159,260.347461455333,0
-0.000419359733182632,2.08878118410259e-06,-200.767670818905,0
0.117175993556918,0.00482550843283159,24.2826212383508,0
0.191221420825838,0.00475810517916249,40.1885653270692,0
0.243197323421567,0.00479843463155453,50.6826375881626,0
0.39317271173955,0.00476511703215693,82.5106097261122,0
0.751155658470756,0.00499758485794025,150.303732667452,0
1.32765583339584,0.00501678299378185,264.642866761714,0
1.77926219537889,0.00768450792994626,231.538858648992,0
-0.341572250825203,0.000552919566581253,-617.761192531442,0
0.118804188224298,0.000666407195539832,178.275668419306,0
0.259071568434025,0.00107758402806009,240.418901624234,0
0.406383338731282,0.00123812660878917,328.224380161499,0
0.762357660587031,0.00143869900674866,529.89378390543,0
0.00454949690761308,0.000717776691214195,6.3383179800909,2.32308394743086e-10
0.191686621663279,0.000949594745977792,201.861501946181,0
-0.0576414961661264,0.00169821499309361,-33.9424021107727,0
-0.0050444514817374,0.00108663932443832,-4.64225007165544,3.44644904815006e-06
0.13253380781771,0.000803664552345994,164.911849640285,0
-0.0874184560045674,0.00144098890911746,-60.6655994723145,0
0.0449643140616774,0.00155229984921029,28.9662555108489,0
