"Value","Std. Error","t value","Pr(>|t|)"
6.50662747595444,0.0039236653100426,1658.30338772799,0
0.0392727035815909,0.000135820966483537,289.150523651672,0
-0.000422015293063517,1.85622784251704e-06,-227.351019846391,0
0.0789995954570696,0.00327077745953235,24.1531551548496,0
0.144453113684371,0.00315488152515728,45.787175376473,0
0.1920762289549,0.00321103072064012,59.8176242040468,0
0.322407727980583,0.00315685417831553,102.129433217158,0
0.606629360106624,0.00343681169224682,176.509339011833,0
1.1972899342556,0.00342897111799888,349.168859419945,0
1.75906193409886,0.00529090135650516,332.469236444202,0
-0.30430114253846,0.000539053977851346,-564.509594663221,0
0.110965715707124,0.000614319373791219,180.631965132906,0
0.233106324630593,0.00100979500739813,230.845194245139,0
0.386115041746587,0.00108661733531837,355.336721766413,0
0.749074699653595,0.00148408144235671,504.739617567128,0
0.0130966230712464,0.00064615816847243,20.2684477427684,0
0.132291571678712,0.000886774614126644,149.18285838505,0
-0.0434101124628117,0.00152051550934098,-28.5496018923388,0
-0.00547004204141483,0.0010373672672463,-5.27300428124662,1.342147353256e-07
0.109093996972471,0.000753989274391091,144.689056831178,0
-0.0685262457547627,0.00139384600317139,-49.1634266618023,0
0.0699165758277184,0.00143051591558494,48.8750772123563,0
