"Value","Std. Error","t value","Pr(>|t|)"
6.44282933671391,0.00348635830782853,1848.01123919096,0
0.035792318260814,0.000108282406885855,330.546016570764,0
-0.00040698915739637,1.45819092484189e-06,-279.105534441932,0
0.0608397230059831,0.00298431837268697,20.3864720208137,0
0.103721410201168,0.0029118687984417,35.6202210266738,0
0.120101796027235,0.00296094217854953,40.5620200547344,0
0.228589233020925,0.00290954166452471,78.5653753675552,0
0.429588111726641,0.00310825895049771,138.208597986295,0
0.844937836213095,0.00313869079989779,269.200724149256,0
1.50578796915793,0.00712382708962053,211.37345842544,0
-0.245850683555883,0.000419230911274536,-586.432624465723,0
0.10038701734169,0.000478650951512784,209.729066712216,0
0.203008112467605,0.000735584738285864,275.981952726038,0
0.330028381502876,0.000894825629535705,368.818650929921,0
0.631390031784109,0.00111867024171931,564.411216314928,0
0.0306082025210158,0.000479336326280849,63.85537845317,0
0.129278339907497,0.000763242192375013,169.380494421065,0
-0.0461429006320213,0.0011856907307861,-38.9164724273664,0
-0.00280802880893566,0.000839630041678025,-3.34436438615718,0.000824720260719225
0.0711882090899029,0.000605936825921422,117.484539715258,0
-0.0652756069052629,0.00107588624320061,-60.6714764853551,0
0.0223521020310925,0.00106691838174833,20.9501517768068,0
