"Value","Std. Error","t value","Pr(>|t|)"
6.21066070900363,0.00503998817693724,1232.27684093057,0
0.0396466207902848,0.000125858384599803,315.009770039165,0
-0.000463349388975311,1.64298805432107e-06,-282.016285971586,0
0.0574247725072848,0.00453538804761032,12.66149046222,0
0.0888088457165781,0.00447078471506944,19.8642635189377,0
0.0627851722378691,0.00454773906579035,13.8057991739589,0
0.190766127006305,0.00446607355704554,42.7145062815542,0
0.337376759138962,0.00456333984003093,73.9319820495058,0
0.584465647082198,0.00457134229060276,127.85427341192,0
1.04410733909452,0.00992832905262181,105.16445753969,0
-0.205267531259265,0.000445480078591624,-460.778250529663,0
0.09369512235843,0.000514579275294071,182.081025911673,0
0.179493360667634,0.00074055675473504,242.376238579924,0
0.272669465993187,0.000861524447480897,316.496492688599,0
0.522112243351209,0.00106214673010812,491.56319795671,0
0.0277072308915904,0.000493661566734632,56.1259631266463,0
0.119760988715322,0.000877461530627441,136.485742719325,0
-0.0458160434312848,0.00136792499343086,-33.493096223335,0
0.0186212644436703,0.000956517318208976,19.4677755323213,0
0.0635241294967048,0.000673279438642496,94.3503185316126,0
-0.0590385162097071,0.00118838913434028,-49.6794480054561,0
0.00385354496252326,0.00109024919590395,3.53455428080202,0.000408467711688898
