"Value","Std. Error","t value","Pr(>|t|)"
6.27680471758931,0.00538963127395739,1164.60744688022,0
0.0384673045459203,0.000125838154902297,305.688720370917,0
-0.00044595754145361,1.62335815558271e-06,-274.712970714421,0
0.0393439711183919,0.00491732315149737,8.00109529234647,1.33226762955019e-15
0.062422805886765,0.00485660484434288,12.8531778654953,0
0.0326459700928628,0.00494053442335511,6.60778112151944,3.90172338882167e-11
0.153018049284706,0.00484883960891622,31.5576636115848,0
0.266469238513343,0.00494886426538887,53.8445235560335,0
0.506607488339287,0.00494101674581884,102.531020314389,0
0.95619485885632,0.00912055470505494,104.839550858279,0
-0.191526793374471,0.00044924543970236,-426.329966757956,0
0.0622373770424376,0.000533466608359939,116.66592822703,0
0.155904319927428,0.000685461771516762,227.444222866652,0
0.241584725425971,0.000775703969412332,311.439331178096,0
0.473059241327869,0.00106657743026626,443.530144088812,0
0.0226024116643155,0.000483334236305822,46.7635229754637,0
0.0947000473298988,0.00087166138049676,108.643160576793,0
-0.0333983196303699,0.00129770739061098,-25.7364024216935,0
0.0164937568535161,0.000931521004200801,17.706264033914,0
0.0565687335148799,0.000660191191080102,85.6853806581862,0
-0.0358595928114538,0.00118519878023629,-30.2561843712871,0
0.00824861649231508,0.00112160773067332,7.3542792785168,1.91846538655227e-13
