"Value","Std. Error","t value","Pr(>|t|)"
6.5438617387356,0.00555214355818561,1178.61897304292,0
0.0374422396105043,0.000139696119361612,268.026340184746,0
-0.000395733028522917,1.89257320576785e-06,-209.097871256378,0
0.0729708150667328,0.00507916357971935,14.3666991467057,0
0.128627323503054,0.00499779010875673,25.736839824002,0
0.169710324352645,0.00503755377276349,33.6890347990362,0
0.291418015198817,0.00499664500052344,58.322737590581,0
0.545206063220398,0.00518689608508337,105.11220087642,0
1.1288584472166,0.00515061745334827,219.169537912927,0
1.7327335055055,0.00618600428677578,280.105448554195,0
-0.282185785082246,0.000551312884366814,-511.843261937072,0
0.0695178415669932,0.000636316793111317,109.250364471886,0
0.192772874781763,0.00093452545516668,206.278891298237,0
0.345704415596287,0.00100824324191431,342.877989382714,0
0.703084918489636,0.00141565885551504,496.648550426256,0
0.0116147113574843,0.0006480152766615,17.9235147315076,0
0.105276758307237,0.000924091620713858,113.924589237062,0
-0.0299326268375302,0.00151830411496932,-19.7145134116527,0
-0.0082842676837326,0.00101259503043926,-8.18122490699855,4.44089209850063e-16
0.102201438048731,0.000771658200027162,132.443921473436,0
-0.0437019960269609,0.00138012303071569,-31.6652900171503,0
0.0572402611752304,0.00137838178663782,41.527145621136,0
