"Value","Std. Error","t value","Pr(>|t|)"
6.49211758714196,0.00362426754953023,1791.29092938612,0
0.0346896596874556,0.000110686106753606,313.405726381514,0
-0.000392291772552729,1.47474155149102e-06,-266.007133355744,0
0.0456957480531454,0.00311575771220081,14.6660145858608,0
0.0830955279651076,0.00304041136579323,27.3303569707675,0
0.0923606319525593,0.00308788579247693,29.9106372967482,0
0.193311730430338,0.00303358692479427,63.7238144885028,0
0.360018192257792,0.00320421347948626,112.3577422549,0
0.783023640815035,0.00323893592566485,241.753359370425,0
1.45129922503259,0.0069120675526718,209.966007127868,0
-0.23107133190232,0.000426243504804917,-542.111092128141,0
0.0654963835976011,0.000489692055417543,133.750145367898,0
0.171625418004925,0.000687754955541822,249.544429483197,0
0.298565089657946,0.000831432782634383,359.097086251454,0
0.596399574296891,0.00106612165932408,559.410428519958,0
0.0232160058067963,0.000482498268356632,48.1162468952873,0
0.10450989062936,0.00076825459533163,136.035490401781,0
-0.0319315892001401,0.0011815860831589,-27.0243443581977,0
-0.00189554289689926,0.000848974533281137,-2.23274411963021,0.0255658778165424
0.0682880503454273,0.000617593119641693,110.571261520928,0
-0.040975209625778,0.00109356509610587,-37.4693831868708,0
0.024664430798878,0.0010247643259909,24.0683932620592,0
